{
    "scene_name": "gaoda",
    "frames": [
        {
            "image_path": "/mnt/afse2/jiali/DiffSynth-Studio/self_videos/images/gaoda/00000.png",
            "fxfycxcy": [
                663.3310546875,
                663.3310546875,
                336.0,
                189.0
            ],
            "w2c": [
                [
                    -0.39936596155166626,
                    0.40615054965019226,
                    -0.8219161033630371,
                    -0.027735065668821335
                ],
                [
                    -0.0162509772926569,
                    0.8932374715805054,
                    0.44929078221321106,
                    -0.040680594742298126
                ],
                [
                    0.9166468977928162,
                    0.1927877962589264,
                    -0.3501283526420593,
                    0.5767051577568054
                ],
                [
                    0.0,
                    0.0,
                    0.0,
                    1.0
                ]
            ]
        },
        {
            "image_path": "/mnt/afse2/jiali/DiffSynth-Studio/self_videos/images/gaoda/00001.png",
            "fxfycxcy": [
                663.3310546875,
                663.3310546875,
                336.0,
                189.0
            ],
            "w2c": [
                [
                    -0.39936596155166626,
                    0.40615054965019226,
                    -0.8219161033630371,
                    -0.027735065668821335
                ],
                [
                    -0.0162509772926569,
                    0.8932374715805054,
                    0.44929078221321106,
                    -0.040680594742298126
                ],
                [
                    0.9166468977928162,
                    0.1927877962589264,
                    -0.3501283526420593,
                    0.5767051577568054
                ],
                [
                    0.0,
                    0.0,
                    0.0,
                    1.0
                ]
            ]
        },
        {
            "image_path": "/mnt/afse2/jiali/DiffSynth-Studio/self_videos/images/gaoda/00002.png",
            "fxfycxcy": [
                663.3310546875,
                663.3310546875,
                336.0,
                189.0
            ],
            "w2c": [
                [
                    -0.39936596155166626,
                    0.40615054965019226,
                    -0.8219161033630371,
                    -0.027735065668821335
                ],
                [
                    -0.0162509772926569,
                    0.8932374715805054,
                    0.44929078221321106,
                    -0.040680594742298126
                ],
                [
                    0.9166468977928162,
                    0.1927877962589264,
                    -0.3501283526420593,
                    0.5767051577568054
                ],
                [
                    0.0,
                    0.0,
                    0.0,
                    1.0
                ]
            ]
        },
        {
            "image_path": "/mnt/afse2/jiali/DiffSynth-Studio/self_videos/images/gaoda/00003.png",
            "fxfycxcy": [
                663.3310546875,
                663.3310546875,
                336.0,
                189.0
            ],
            "w2c": [
                [
                    -0.39936596155166626,
                    0.40615054965019226,
                    -0.8219161033630371,
                    -0.027735065668821335
                ],
                [
                    -0.0162509772926569,
                    0.8932374715805054,
                    0.44929078221321106,
                    -0.040680594742298126
                ],
                [
                    0.9166468977928162,
                    0.1927877962589264,
                    -0.3501283526420593,
                    0.5767051577568054
                ],
                [
                    0.0,
                    0.0,
                    0.0,
                    1.0
                ]
            ]
        }
    ]
}