{
    "scene_name": "mosu",
    "frames": [
        {
            "image_path": "/mnt/afse2/jiali/DiffSynth-Studio/self_videos/images/mosu/00000.png",
            "fxfycxcy": [
                310.5302734375,
                310.5302734375,
                336.0,
                189.0
            ],
            "w2c": [
                [
                    0.3576735258102417,
                    0.4503017067909241,
                    -0.8181071281433105,
                    0.5689336061477661
                ],
                [
                    -0.16902679204940796,
                    0.892808198928833,
                    0.4175202250480652,
                    -0.11683245748281479
                ],
                [
                    0.9184224605560303,
                    -0.011053571477532387,
                    0.39544668793678284,
                    1.0587409734725952
                ],
                [
                    0.0,
                    0.0,
                    0.0,
                    1.0
                ]
            ]
        },
        {
            "image_path": "/mnt/afse2/jiali/DiffSynth-Studio/self_videos/images/mosu/00001.png",
            "fxfycxcy": [
                310.775146484375,
                310.775146484375,
                336.0,
                189.0
            ],
            "w2c": [
                [
                    0.3584027886390686,
                    0.45070698857307434,
                    -0.8175643682479858,
                    0.5689198970794678
                ],
                [
                    -0.16978396475315094,
                    0.892606258392334,
                    0.4176458716392517,
                    -0.11779841035604477
                ],
                [
                    0.9179985523223877,
                    -0.010876000858843327,
                    0.396435022354126,
                    1.0557595491409302
                ],
                [
                    0.0,
                    0.0,
                    0.0,
                    1.0
                ]
            ]
        },
        {
            "image_path": "/mnt/afse2/jiali/DiffSynth-Studio/self_videos/images/mosu/00002.png",
            "fxfycxcy": [
                310.33673095703125,
                310.33673095703125,
                336.0,
                189.0
            ],
            "w2c": [
                [
                    0.35846570134162903,
                    0.4512152373790741,
                    -0.8172567486763,
                    0.5710262656211853
                ],
                [
                    -0.1701749861240387,
                    0.8923505544662476,
                    0.41803300380706787,
                    -0.11809734255075455
                ],
                [
                    0.9179014563560486,
                    -0.010773795656859875,
                    0.39666229486465454,
                    1.0524190664291382
                ],
                [
                    0.0,
                    0.0,
                    0.0,
                    1.0
                ]
            ]
        },
        {
            "image_path": "/mnt/afse2/jiali/DiffSynth-Studio/self_videos/images/mosu/00003.png",
            "fxfycxcy": [
                310.4349670410156,
                310.4349670410156,
                336.0,
                189.0
            ],
            "w2c": [
                [
                    0.36101216077804565,
                    0.4509880840778351,
                    -0.8162590265274048,
                    0.5717257261276245
                ],
                [
                    -0.1703689843416214,
                    0.8924527764320374,
                    0.41773515939712524,
                    -0.11807291209697723
                ],
                [
                    0.9168665409088135,
                    -0.01174236461520195,
                    0.39902105927467346,
                    1.046176552772522
                ],
                [
                    0.0,
                    0.0,
                    0.0,
                    1.0
                ]
            ]
        }
    ]
}